** Below is the mirror framed input image. **
Entering PrettyPrint()
Rows: 46
Columns: 46
Minimum Value: 1
Maximum Value: 63

0  0  0  0  0  0  0  0  0  0  0  0  0  0  0  0  0  0  0  0  0  0  0  0  0  0  0  0  0  0  0  0  0  0  0  0  0  0  0  0  0  0  0  0  0  0  0  0  
0  1  1  2  3  4  5  1  2  3  4  5  1  2  3  4  5  1  2  3  4  5  1  2  3  4  5  1  2  3  4  5  1  2  3  4  5  1  2  3  4  5  1  2  3  4  5  0  
0  2  1  2  3  4  55 1  2  3  4  5  1  2  3  4  5  1  2  3  4  5  1  2  3  4  5  1  2  43 4  5  1  2  3  4  5  1  2  3  4  5  1  2  3  4  5  0  
0  3  1  2  3  44 5  1  42 3  4  45 51 2  3  4  5  1  2  3  4  5  1  2  58 4  5  1  2  53 4  5  1  2  3  4  45 11 2  43 4  5  41 2  3  4  5  0  
0  4  1  2  3  4  5  1  2  3  4  5  51 2  3  4  5  1  2  3  4  5  1  2  58 4  5  1  2  63 4  5  1  2  3  4  5  1  2  3  4  5  1  2  3  4  5  0  
0  5  1  62 3  4  5  1  2  43 4  5  1  2  3  4  5  1  2  3  4  5  1  2  5  4  5  1  2  53 4  35 1  2  3  4  5  41 2  3  4  5  1  2  3  4  5  0  
0  6  1  2  3  4  5  1  2  3  4  5  1  2  3  4  5  1  2  3  4  5  1  2  41 4  5  1  2  3  4  5  1  2  3  4  5  51 2  3  4  55 51 2  3  4  5  0  
0  7  1  2  3  4  5  1  2  3  44 5  1  2  3  4  5  8  2  3  4  5  1  2  38 4  5  1  12 3  44 5  1  2  3  4  5  1  2  61 4  5  1  2  3  4  5  0  
0  8  1  2  3  4  5  1  2  53 4  5  1  2  3  4  5  1  2  3  4  5  1  42 53 44 5  1  2  3  4  4  1  2  3  4  55 1  2  3  4  5  1  2  3  4  5  0  
0  9  1  2  3  4  5  1  2  3  4  5  1  2  3  4  5  1  2  3  4  5  1  48 38 48 5  1  2  3  44 5  1  2  3  4  5  1  2  3  4  5  1  2  3  4  5  0  
0  10 11 2  43 4  5  1  2  3  4  5  1  2  3  4  5  1  2  3  4  5  48 4  48 48 48 1  2  43 4  5  1  2  3  4  5  1  2  3  4  5  1  2  3  4  5  0  
0  1  1  2  3  4  5  11 2  3  4  5  1  2  3  4  5  1  2  3  4  48 33 41 4  41 48 48 2  3  44 5  1  2  3  4  5  1  2  3  4  5  1  2  3  4  5  0  
0  2  1  2  3  4  4  1  2  3  4  5  1  2  3  4  5  1  2  3  48 48 48 4  8  48 48 48 48 3  4  5  19 2  3  4  5  1  2  3  14 5  1  2  3  4  5  0  
0  3  1  2  3  4  5  5  2  3  4  5  1  2  3  4  5  1  2  4  38 44 8  8  34 41 4  38 37 38 41 35 1  2  3  4  5  1  2  3  44 5  1  2  3  4  5  0  
0  4  41 32 33 34 37 38 39 31 30 32 34 35 34 35 38 40 48 60 63 60 48 41 38 35 34 32 31 30 28 25 28 24 22 20 18 8  6  13 4  5  1  2  3  14 5  0  
0  5  1  21 3  4  5  1  2  3  4  5  1  2  3  4  5  1  48 48 48 48 10 48 48 48 34 48 48 48 48 5  1  2  3  4  5  1  2  3  4  5  1  32 3  4  5  0  
0  6  1  2  3  4  5  1  2  3  4  5  1  2  3  4  5  48 48 48 48 48 48 48 48 48 48 48 48 4  48 48 1  2  3  4  5  1  2  3  4  55 1  2  3  4  5  0  
0  7  1  2  3  14 5  1  2  3  4  5  1  2  3  4  48 48 48 41 42 43 41 42 43 4  48 48 46 48 48 48 48 2  3  4  51 1  2  3  4  5  1  2  3  4  5  0  
0  8  1  2  3  4  5  1  2  3  4  5  1  2  3  48 41 48 44 48 8  45 48 4  48 48 48 48 48 48 48 4  4  48 3  4  5  1  2  3  4  5  1  2  3  4  5  0  
0  9  1  2  3  4  15 1  12 3  4  5  1  2  48 48 48 48 60 48 48 48 48 48 61 62 48 48 48 48 8  7  48 48 48 4  5  1  2  3  4  5  1  2  13 4  5  0  
0  10 1  2  3  4  5  1  2  3  4  5  1  48 48 48 5  48 48 48 3  48 48 48 48 48 6  48 48 47 48 8  48 48 48 48 5  1  12 3  4  5  1  2  3  4  5  0  
0  1  1  52 3  4  5  1  12 3  4  5  48 48 58 48 48 48 48 48 48 28 38 48 48 48 48 48 48 8  48 48 28 28 38 28 18 1  2  3  4  5  11 2  3  4  5  0  
0  2  1  2  3  4  5  1  2  3  4  48 48 58 48 48 48 40 48 47 48 48 48 41 48 42 48 52 48 4  38 5  48 48 48 38 38 28 18 3  4  5  1  2  3  14 5  0  
0  3  61 22 23 24 27 38 29 31 30 32 34 35 34 35 38 40 48 60 63 60 48 41 38 45 34 39 31 30 28 25 28 24 22 20 18 18 16 13 4  5  1  2  3  4  5  0  
0  4  1  2  3  4  5  1  2  48 48 48 48 48 48 4  48 48 48 48 58 58 58 38 38 58 48 58 58 28 24 44 48 48 48 38 38 43 28 18 4  5  1  2  3  4  5  0  
0  5  1  2  48 41 48 42 48 43 8  48 60 48 48 48 48 41 42 48 43 48 46 48 45 48 40 48 4  3  48 30 48 48 48 8  48 48 38 38 4  2  8  8  8  4  5  0  
0  6  1  2  3  4  5  1  2  48 48 48 48 48 48 8  48 48 63 48 63 4  48 48 48 4  48 48 48 8  4  48 48 48 48 48 18 48 48 48 4  5  1  2  3  4  5  0  
0  7  1  2  3  4  5  1  2  3  48 48 8  48 48 42 48 48 18 48 48 48 48 63 48 48 48 48 48 48 8  8  48 48 48 5  48 48 48 3  4  5  1  2  3  4  5  0  
0  8  1  2  3  4  5  13 2  3  4  48 48 62 48 55 48 48 48 4  37 8  48 48 48 54 48 58 48 48 4  42 8  48 48 48 48 48 2  3  4  5  11 2  3  4  5  0  
0  9  1  2  3  4  5  1  2  3  4  5  48 48 48 48 48 48 8  28 38 48 48 4  48 48 48 1  48 48 6  4  38 4  48 48 48 1  2  3  4  5  1  2  3  4  5  0  
0  10 1  2  3  4  5  1  2  3  4  5  1  48 48 48 48 3  48 48 48 48 48 48 18 48 48 48 48 48 48 48 8  4  48 48 5  1  2  3  4  5  1  12 3  4  5  0  
0  1  21 42 53 24 27 28 29 31 30 32 34 35 34 35 38 40 48 60 63 60 48 41 38 35 34 32 31 30 28 25 28 24 32 20 18 8  6  3  4  5  1  2  3  14 5  0  
0  2  1  2  3  4  5  1  2  3  4  5  1  2  48 48 48 48 48 18 48 48 48 48 48 48 48 48 48 8  48 48 8  4  48 4  5  1  2  3  14 15 1  2  3  4  5  0  
0  3  11 2  3  4  5  1  2  3  4  5  1  2  3  48 48 48 48 48 48 48 48 48 48 48 48 48 48 48 48 48 8  4  3  4  5  1  2  3  4  5  1  2  3  4  5  0  
0  4  1  2  3  4  15 1  2  3  4  5  1  2  3  4  48 48 41 42 43 48 40 48 42 48 43 48 44 48 28 48 48 2  3  4  5  1  2  3  4  55 1  2  3  4  5  0  
0  5  1  2  3  42 55 1  42 3  4  5  1  2  3  4  5  34 44 41 34 24 34 34 41 34 34 42 34 34 24 4  1  2  3  4  5  1  2  3  4  5  1  2  3  4  5  0  
0  6  1  2  3  4  5  1  2  3  4  5  1  2  3  4  5  1  48 48 58 4  1  28 41 1  48 2  4  8  48 5  1  2  3  4  5  1  2  3  4  5  1  2  3  4  5  0  
0  7  1  2  3  4  5  1  2  3  4  5  13 2  3  4  5  1  2  48 48 8  48 34 35 41 48 48 8  48 4  5  1  2  3  4  5  1  2  3  4  5  1  2  3  4  5  0  
0  8  1  2  3  4  51 1  2  3  4  5  1  2  3  4  5  1  2  3  48 38 48 38 8  1  48 38 48 3  4  5  1  2  3  4  5  1  2  3  4  5  1  2  3  4  5  0  
0  9  1  2  3  4  5  1  12 3  4  5  1  2  3  4  5  1  2  3  4  48 48 48 48 48 48 48 2  3  4  5  1  2  3  4  5  1  2  3  4  5  1  2  3  4  5  0  
0  10 1  2  3  4  5  1  2  3  4  5  1  2  3  4  5  1  2  3  4  5  48 48 18 48 48 1  2  3  4  5  1  2  3  4  5  1  2  3  4  5  1  2  3  4  5  0  
0  1  1  2  3  44 5  1  2  3  4  5  1  12 3  4  5  1  2  3  4  5  1  48 48 48 5  1  2  3  4  5  1  2  3  4  55 1  2  3  4  55 1  2  3  4  5  0  
0  2  1  2  3  48 5  1  2  3  4  55 51 12 3  4  5  1  2  3  4  5  1  42 48 4  5  1  2  3  4  5  1  2  3  4  5  1  2  3  4  5  1  2  3  4  5  0  
0  3  1  2  3  4  45 51 2  3  4  5  1  2  3  4  5  1  2  3  4  5  1  2  48 4  5  1  2  3  4  5  1  2  3  63 5  1  2  3  4  5  1  2  3  4  5  0  
0  4  1  2  3  4  5  1  2  3  4  5  1  2  3  14 5  1  2  3  4  5  1  2  48 4  5  1  2  3  4  5  1  2  59 5  5  1  2  43 4  5  1  2  33 4  5  0  
0  5  1  2  3  4  5  11 2  3  44 5  1  2  3  4  5  1  2  3  4  5  1  2  48 4  5  1  2  3  4  5  1  2  3  4  5  1  2  3  4  5  1  2  3  4  5  0  
0  6  1  2  3  4  5  1  2  3  4  5  1  2  3  4  5  1  2  3  4  5  1  2  3  4  5  1  2  3  4  5  1  2  3  4  5  1  2  3  4  5  1  2  3  4  5  0  
0  0  0  0  0  0  0  0  0  0  0  0  0  0  0  0  0  0  0  0  0  0  0  0  0  0  0  0  0  0  0  0  0  0  0  0  0  0  0  0  0  0  0  0  0  0  0  0  
leaving PrettyPrint()

** Below is the 3x3 averaging of the input image. **
Entering PrettyPrint()
Rows: 46
Columns: 46
Minimum Value: 1
Maximum Value: 63

0  0  0  0  0  0  0  0  0  0  0  0  0  0  0  0  0  0  0  0  0  0  0  0  0  0  0  0  0  0  0  0  0  0  0  0  0  0  0  0  0  0  0  0  0  0  0  0  
0  0  1  1  2  8  7  7  1  2  2  2  1  1  2  2  2  1  1  2  2  2  1  1  2  2  2  1  5  6  7  2  1  1  2  2  2  1  1  2  2  2  1  1  2  2  2  0  
0  1  1  2  7  14 13 12 6  7  8  13 12 7  3  4  3  2  2  3  4  3  2  8  9  10 3  2  12 13 14 3  2  2  3  8  8  8  7  7  8  7  7  6  3  4  3  0  
0  1  2  2  7  14 13 12 6  7  8  18 18 13 3  4  3  2  2  3  4  3  2  14 15 16 3  2  18 19 20 3  2  2  3  8  8  8  7  7  8  7  7  6  3  4  3  0  
0  1  9  8  14 8  7  7  10 11 12 18 18 13 3  4  3  2  2  3  4  3  2  14 15 16 3  2  19 20 25 6  6  2  3  8  13 12 12 7  8  7  7  6  3  4  3  0  
0  2  9  8  9  4  3  2  6  7  8  8  8  7  3  4  3  2  2  3  4  3  2  12 13 14 3  2  14 15 19 6  6  2  3  4  13 12 12 3  9  14 13 7  3  4  3  0  
0  2  9  8  9  4  3  2  6  11 12 7  2  2  3  4  4  3  2  3  4  3  2  10 11 12 3  3  8  14 17 11 6  2  3  4  13 12 18 9  16 14 13 7  3  4  3  0  
0  2  3  2  3  4  3  2  7  13 14 7  2  2  3  4  4  3  2  3  4  3  7  20 25 22 7  3  3  8  8  7  2  2  3  9  14 13 14 9  16 14 13 7  3  4  3  0  
0  3  3  2  3  4  3  2  7  13 14 7  2  2  3  4  4  3  2  3  4  3  12 24 35 26 12 3  3  13 12 12 2  2  3  9  8  8  8  9  10 3  2  2  3  4  3  0  
0  4  5  7  7  8  3  2  7  8  9  3  2  2  3  4  3  2  2  3  4  8  17 31 41 37 22 7  6  11 12 7  2  2  3  9  8  8  2  3  4  3  2  2  3  4  3  0  
0  3  4  7  7  8  4  3  3  3  4  3  2  2  3  4  3  2  2  3  8  16 25 29 35 36 32 17 11 16 17 12 2  2  3  4  3  2  2  3  4  3  2  2  3  4  3  0  
0  2  3  7  7  8  4  3  3  3  4  3  2  2  3  4  3  2  2  7  18 31 31 26 27 37 42 32 22 17 12 9  4  4  3  4  3  2  2  4  5  4  2  2  3  4  3  0  
0  1  1  2  3  3  4  4  3  3  4  3  2  2  3  4  3  2  2  11 26 35 31 20 25 30 40 35 29 24 19 17 8  4  3  4  3  2  2  8  9  8  2  2  3  4  3  0  
0  5  9  13 13 14 14 14 13 13 13 12 13 12 13 14 14 15 17 29 40 45 34 26 28 32 36 35 33 28 23 20 15 11 9  9  7  5  4  10 10 8  2  2  4  5  4  0  
0  6  12 15 15 14 14 14 13 13 13 12 13 12 13 14 14 20 28 39 45 40 35 31 37 35 34 34 38 38 33 23 13 9  9  9  7  5  4  9  9  7  6  5  7  5  4  0  
0  6  12 15 15 14 14 14 13 13 13 12 13 12 13 14 20 31 43 51 52 46 44 41 44 42 41 41 37 37 31 25 15 9  9  9  7  5  4  4  10 8  11 5  7  5  4  0  
0  2  5  4  6  5  4  2  2  3  4  3  2  2  3  8  18 33 42 46 46 41 41 41 41 41 41 46 42 42 38 32 17 7  3  9  8  7  2  3  9  8  11 5  6  4  3  0  
0  2  3  2  4  5  4  2  2  3  4  3  2  2  7  17 32 42 46 41 41 41 40 41 37 42 43 47 42 42 38 33 22 12 8  9  8  7  2  3  9  8  8  2  3  4  3  0  
0  3  3  2  4  6  5  4  3  4  4  3  2  7  17 32 42 48 48 43 41 41 40 42 40 45 44 47 47 43 34 29 28 28 18 14 8  7  2  3  4  3  2  3  4  5  3  0  
0  3  4  2  3  5  4  4  3  4  4  3  7  17 32 37 42 43 48 39 38 38 42 44 46 46 44 43 47 43 29 24 29 38 33 18 8  3  3  4  4  3  2  3  4  5  3  0  
0  2  8  7  8  5  4  6  4  5  4  8  18 33 44 44 43 44 49 44 40 39 44 48 51 46 44 43 43 39 30 32 34 42 37 26 12 5  3  4  4  4  3  4  4  5  3  0  
0  1  8  7  8  4  3  3  3  4  8  18 34 45 50 44 42 42 47 42 40 39 43 46 46 42 43 43 39 37 28 35 34 42 41 34 22 13 7  5  4  4  3  3  4  5  4  0  
0  7  16 18 15 10 12 13 13 13 17 28 39 45 45 45 43 45 47 50 50 47 44 44 44 44 44 44 34 31 26 32 31 34 32 29 23 17 11 7  5  4  3  3  4  5  4  0  
0  8  10 13 9  10 12 12 17 21 32 37 44 44 39 39 38 45 47 52 54 54 48 44 43 44 47 46 38 32 25 32 35 40 37 34 31 27 20 12 6  3  2  2  4  5  4  0  
0  8  11 18 18 24 25 26 31 31 37 39 44 44 38 39 38 44 47 50 54 53 49 44 44 43 46 40 33 28 28 35 38 40 33 32 31 32 28 18 10 3  3  4  4  4  3  0  
0  2  2  7  12 17 16 17 26 32 43 44 49 49 38 38 37 48 48 51 46 47 44 46 41 41 44 44 33 25 26 38 45 48 42 38 37 39 39 25 14 3  3  4  4  4  3  0  
0  2  3  7  12 17 16 17 21 27 38 40 44 44 42 42 42 44 44 46 44 44 44 49 44 41 42 42 33 24 22 32 41 48 38 35 35 43 40 26 12 3  3  4  4  4  3  0  
0  2  3  2  3  4  4  4  8  17 33 38 45 45 45 43 43 46 41 41 34 39 40 49 45 43 44 49 44 29 24 24 38 43 43 39 39 39 32 18 9  4  3  3  3  4  3  0  
0  3  3  2  3  4  4  4  3  7  18 29 40 45 49 48 48 40 33 30 34 41 40 44 45 48 44 43 43 34 24 18 27 37 38 43 38 32 17 8  4  4  3  3  3  4  3  0  
0  3  4  2  3  4  4  4  3  3  8  18 34 44 50 48 43 38 31 34 34 41 38 39 40 45 44 43 43 38 32 22 22 28 38 43 32 17 7  3  4  4  4  4  4  4  3  0  
0  4  9  14 15 14 11 11 11 12 13 18 28 38 43 43 39 36 36 43 49 49 43 37 36 40 38 37 37 37 31 25 20 26 30 35 21 10 3  3  4  3  3  3  5  5  4  0  
0  4  9  14 15 14 11 11 11 12 13 12 18 27 38 43 39 41 40 47 49 51 48 42 41 40 43 42 37 37 36 32 21 22 25 25 12 5  3  4  6  5  4  3  5  5  4  0  
0  4  9  15 15 14 11 11 11 12 13 12 13 17 28 38 44 46 45 47 49 51 48 46 44 43 43 42 37 37 36 32 21 17 15 15 7  5  3  4  6  5  3  2  4  5  4  0  
0  2  3  3  3  5  4  3  2  3  4  3  2  7  17 33 43 47 43 42 43 46 47 46 47 46 47 47 43 40 41 36 24 14 8  9  3  2  2  4  11 11 9  2  3  4  3  0  
0  2  3  3  7  14 14 13 6  7  4  3  2  2  7  18 31 40 43 43 41 40 41 42 43 42 43 43 43 39 36 28 18 8  3  4  3  2  2  3  9  8  8  2  3  4  3  0  
0  2  2  2  7  14 14 13 6  7  4  3  2  2  3  8  17 30 38 44 38 31 29 34 35 36 33 33 29 30 27 23 12 7  3  4  3  2  2  3  9  8  8  2  3  4  3  0  
0  2  3  2  7  13 13 12 6  7  4  4  4  3  3  4  7  16 29 41 34 28 23 32 32 35 33 29 25 23 20 10 2  2  3  4  3  2  2  3  4  3  2  2  3  4  3  0  
0  2  3  2  3  9  8  7  2  3  4  4  4  3  3  4  3  7  17 33 33 33 27 31 25 30 30 32 23 19 14 8  2  2  3  4  3  2  2  3  4  3  2  2  3  4  3  0  
0  3  3  2  3  9  8  8  3  4  4  4  4  3  3  4  3  2  7  17 27 37 39 39 33 36 40 37 27 13 9  3  2  2  3  4  3  2  2  3  4  3  2  2  3  4  3  0  
0  3  4  2  3  9  8  8  3  4  4  3  2  2  3  4  3  2  2  7  17 32 41 39 33 35 36 31 16 8  4  3  2  2  3  4  3  2  2  3  4  3  2  2  3  4  3  0  
0  2  3  2  7  8  7  3  3  4  4  3  3  3  4  4  3  2  2  3  8  18 33 39 44 39 32 17 7  3  4  3  2  2  3  9  8  8  2  3  9  8  8  2  3  4  3  0  
0  1  2  2  12 13 12 2  2  3  9  14 16 9  5  4  3  2  2  3  4  8  22 33 39 30 17 7  2  3  4  3  2  2  3  9  8  8  2  3  9  8  8  2  3  4  3  0  
0  1  1  2  12 17 22 12 7  3  9  14 16 9  5  4  3  2  2  3  4  3  12 26 32 23 8  2  2  3  4  3  2  2  9  16 15 8  2  3  9  8  8  2  3  4  3  0  
0  1  2  2  7  13 18 12 7  3  9  14 14 8  5  5  4  2  2  3  4  3  7  21 22 19 3  2  2  3  4  3  2  8  15 16 10 2  6  7  8  3  2  5  6  7  3  0  
0  1  2  2  3  8  14 13 8  7  8  7  2  2  4  5  4  2  2  3  4  3  2  17 18 19 3  2  2  3  4  3  2  8  15 16 10 2  6  7  8  3  2  5  6  7  3  0  
0  2  2  2  3  4  4  3  3  7  8  7  2  2  4  5  4  2  2  3  4  3  2  12 13 14 3  2  2  3  4  3  2  8  9  10 3  2  6  7  8  3  2  5  6  7  3  0  
0  1  1  1  2  2  3  2  2  6  7  6  1  1  2  2  2  1  1  2  2  2  1  6  7  7  2  1  1  2  2  2  1  1  2  2  2  1  1  2  2  2  1  1  2  2  2  0  
0  0  0  0  0  0  0  0  0  0  0  0  0  0  0  0  0  0  0  0  0  0  0  0  0  0  0  0  0  0  0  0  0  0  0  0  0  0  0  0  0  0  0  0  0  0  0  0  
leaving PrettyPrint()

** Below is the result of the binary threshold of averaging method **
Entering PrettyPrint()
Rows: 46
Columns: 46
Minimum Value: 1
Maximum Value: 63

0  0  0  0  0  0  0  0  0  0  0  0  0  0  0  0  0  0  0  0  0  0  0  0  0  0  0  0  0  0  0  0  0  0  0  0  0  0  0  0  0  0  0  0  0  0  0  0  
0  0  0  0  0  1  1  1  0  0  0  0  0  0  0  0  0  0  0  0  0  0  0  0  0  0  0  0  1  1  1  0  0  0  0  0  0  0  0  0  0  0  0  0  0  0  0  0  
0  0  0  0  1  1  1  1  1  1  1  1  1  1  0  1  0  0  0  0  1  0  0  1  1  1  0  0  1  1  1  0  0  0  0  1  1  1  1  1  1  1  1  1  0  1  0  0  
0  0  0  0  1  1  1  1  1  1  1  1  1  1  0  1  0  0  0  0  1  0  0  1  1  1  0  0  1  1  1  0  0  0  0  1  1  1  1  1  1  1  1  1  0  1  0  0  
0  0  1  1  1  1  1  1  1  1  1  1  1  1  0  1  0  0  0  0  1  0  0  1  1  1  0  0  1  1  1  1  1  0  0  1  1  1  1  1  1  1  1  1  0  1  0  0  
0  0  1  1  1  1  0  0  1  1  1  1  1  1  0  1  0  0  0  0  1  0  0  1  1  1  0  0  1  1  1  1  1  0  0  1  1  1  1  0  1  1  1  1  0  1  0  0  
0  0  1  1  1  1  0  0  1  1  1  1  0  0  0  1  1  0  0  0  1  0  0  1  1  1  0  0  1  1  1  1  1  0  0  1  1  1  1  1  1  1  1  1  0  1  0  0  
0  0  0  0  0  1  0  0  1  1  1  1  0  0  0  1  1  0  0  0  1  0  1  1  1  1  1  0  0  1  1  1  0  0  0  1  1  1  1  1  1  1  1  1  0  1  0  0  
0  0  0  0  0  1  0  0  1  1  1  1  0  0  0  1  1  0  0  0  1  0  1  1  1  1  1  0  0  1  1  1  0  0  0  1  1  1  1  1  1  0  0  0  0  1  0  0  
0  1  1  1  1  1  0  0  1  1  1  0  0  0  0  1  0  0  0  0  1  1  1  1  1  1  1  1  1  1  1  1  0  0  0  1  1  1  0  0  1  0  0  0  0  1  0  0  
0  0  1  1  1  1  1  0  0  0  1  0  0  0  0  1  0  0  0  0  1  1  1  1  1  1  1  1  1  1  1  1  0  0  0  1  0  0  0  0  1  0  0  0  0  1  0  0  
0  0  0  1  1  1  1  0  0  0  1  0  0  0  0  1  0  0  0  1  1  1  1  1  1  1  1  1  1  1  1  1  1  1  0  1  0  0  0  1  1  1  0  0  0  1  0  0  
0  0  0  0  0  0  1  1  0  0  1  0  0  0  0  1  0  0  0  1  1  1  1  1  1  1  1  1  1  1  1  1  1  1  0  1  0  0  0  1  1  1  0  0  0  1  0  0  
0  1  1  1  1  1  1  1  1  1  1  1  1  1  1  1  1  1  1  1  1  1  1  1  1  1  1  1  1  1  1  1  1  1  1  1  1  1  1  1  1  1  0  0  1  1  1  0  
0  1  1  1  1  1  1  1  1  1  1  1  1  1  1  1  1  1  1  1  1  1  1  1  1  1  1  1  1  1  1  1  1  1  1  1  1  1  1  1  1  1  1  1  1  1  1  0  
0  1  1  1  1  1  1  1  1  1  1  1  1  1  1  1  1  1  1  1  1  1  1  1  1  1  1  1  1  1  1  1  1  1  1  1  1  1  1  1  1  1  1  1  1  1  1  0  
0  0  1  1  1  1  1  0  0  0  1  0  0  0  0  1  1  1  1  1  1  1  1  1  1  1  1  1  1  1  1  1  1  1  0  1  1  1  0  0  1  1  1  1  1  1  0  0  
0  0  0  0  1  1  1  0  0  0  1  0  0  0  1  1  1  1  1  1  1  1  1  1  1  1  1  1  1  1  1  1  1  1  1  1  1  1  0  0  1  1  1  0  0  1  0  0  
0  0  0  0  1  1  1  1  0  1  1  0  0  1  1  1  1  1  1  1  1  1  1  1  1  1  1  1  1  1  1  1  1  1  1  1  1  1  0  0  1  0  0  0  1  1  0  0  
0  0  1  0  0  1  1  1  0  1  1  0  1  1  1  1  1  1  1  1  1  1  1  1  1  1  1  1  1  1  1  1  1  1  1  1  1  0  0  1  1  0  0  0  1  1  0  0  
0  0  1  1  1  1  1  1  1  1  1  1  1  1  1  1  1  1  1  1  1  1  1  1  1  1  1  1  1  1  1  1  1  1  1  1  1  1  0  1  1  1  0  1  1  1  0  0  
0  0  1  1  1  1  0  0  0  1  1  1  1  1  1  1  1  1  1  1  1  1  1  1  1  1  1  1  1  1  1  1  1  1  1  1  1  1  1  1  1  1  0  0  1  1  1  0  
0  1  1  1  1  1  1  1  1  1  1  1  1  1  1  1  1  1  1  1  1  1  1  1  1  1  1  1  1  1  1  1  1  1  1  1  1  1  1  1  1  1  0  0  1  1  1  0  
0  1  1  1  1  1  1  1  1  1  1  1  1  1  1  1  1  1  1  1  1  1  1  1  1  1  1  1  1  1  1  1  1  1  1  1  1  1  1  1  1  0  0  0  1  1  1  0  
0  1  1  1  1  1  1  1  1  1  1  1  1  1  1  1  1  1  1  1  1  1  1  1  1  1  1  1  1  1  1  1  1  1  1  1  1  1  1  1  1  0  0  1  1  1  0  0  
0  0  0  1  1  1  1  1  1  1  1  1  1  1  1  1  1  1  1  1  1  1  1  1  1  1  1  1  1  1  1  1  1  1  1  1  1  1  1  1  1  0  0  1  1  1  0  0  
0  0  0  1  1  1  1  1  1  1  1  1  1  1  1  1  1  1  1  1  1  1  1  1  1  1  1  1  1  1  1  1  1  1  1  1  1  1  1  1  1  0  0  1  1  1  0  0  
0  0  0  0  0  1  1  1  1  1  1  1  1  1  1  1  1  1  1  1  1  1  1  1  1  1  1  1  1  1  1  1  1  1  1  1  1  1  1  1  1  1  0  0  0  1  0  0  
0  0  0  0  0  1  1  1  0  1  1  1  1  1  1  1  1  1  1  1  1  1  1  1  1  1  1  1  1  1  1  1  1  1  1  1  1  1  1  1  1  1  0  0  0  1  0  0  
0  0  1  0  0  1  1  1  0  0  1  1  1  1  1  1  1  1  1  1  1  1  1  1  1  1  1  1  1  1  1  1  1  1  1  1  1  1  1  0  1  1  1  1  1  1  0  0  
0  1  1  1  1  1  1  1  1  1  1  1  1  1  1  1  1  1  1  1  1  1  1  1  1  1  1  1  1  1  1  1  1  1  1  1  1  1  0  0  1  0  0  0  1  1  1  0  
0  1  1  1  1  1  1  1  1  1  1  1  1  1  1  1  1  1  1  1  1  1  1  1  1  1  1  1  1  1  1  1  1  1  1  1  1  1  0  1  1  1  1  0  1  1  1  0  
0  1  1  1  1  1  1  1  1  1  1  1  1  1  1  1  1  1  1  1  1  1  1  1  1  1  1  1  1  1  1  1  1  1  1  1  1  1  0  1  1  1  0  0  1  1  1  0  
0  0  0  0  0  1  1  0  0  0  1  0  0  1  1  1  1  1  1  1  1  1  1  1  1  1  1  1  1  1  1  1  1  1  1  1  0  0  0  1  1  1  1  0  0  1  0  0  
0  0  0  0  1  1  1  1  1  1  1  0  0  0  1  1  1  1  1  1  1  1  1  1  1  1  1  1  1  1  1  1  1  1  0  1  0  0  0  0  1  1  1  0  0  1  0  0  
0  0  0  0  1  1  1  1  1  1  1  0  0  0  0  1  1  1  1  1  1  1  1  1  1  1  1  1  1  1  1  1  1  1  0  1  0  0  0  0  1  1  1  0  0  1  0  0  
0  0  0  0  1  1  1  1  1  1  1  1  1  0  0  1  1  1  1  1  1  1  1  1  1  1  1  1  1  1  1  1  0  0  0  1  0  0  0  0  1  0  0  0  0  1  0  0  
0  0  0  0  0  1  1  1  0  0  1  1  1  0  0  1  0  1  1  1  1  1  1  1  1  1  1  1  1  1  1  1  0  0  0  1  0  0  0  0  1  0  0  0  0  1  0  0  
0  0  0  0  0  1  1  1  0  1  1  1  1  0  0  1  0  0  1  1  1  1  1  1  1  1  1  1  1  1  1  0  0  0  0  1  0  0  0  0  1  0  0  0  0  1  0  0  
0  0  1  0  0  1  1  1  0  1  1  0  0  0  0  1  0  0  0  1  1  1  1  1  1  1  1  1  1  1  1  0  0  0  0  1  0  0  0  0  1  0  0  0  0  1  0  0  
0  0  0  0  1  1  1  0  0  1  1  0  0  0  1  1  0  0  0  0  1  1  1  1  1  1  1  1  1  0  1  0  0  0  0  1  1  1  0  0  1  1  1  0  0  1  0  0  
0  0  0  0  1  1  1  0  0  0  1  1  1  1  1  1  0  0  0  0  1  1  1  1  1  1  1  1  0  0  1  0  0  0  0  1  1  1  0  0  1  1  1  0  0  1  0  0  
0  0  0  0  1  1  1  1  1  0  1  1  1  1  1  1  0  0  0  0  1  0  1  1  1  1  1  0  0  0  1  0  0  0  1  1  1  1  0  0  1  1  1  0  0  1  0  0  
0  0  0  0  1  1  1  1  1  0  1  1  1  1  1  1  1  0  0  0  1  0  1  1  1  1  0  0  0  0  1  0  0  1  1  1  1  0  1  1  1  0  0  1  1  1  0  0  
0  0  0  0  0  1  1  1  1  1  1  1  0  0  1  1  1  0  0  0  1  0  0  1  1  1  0  0  0  0  1  0  0  1  1  1  1  0  1  1  1  0  0  1  1  1  0  0  
0  0  0  0  0  1  1  0  0  1  1  1  0  0  1  1  1  0  0  0  1  0  0  1  1  1  0  0  0  0  1  0  0  1  1  1  0  0  1  1  1  0  0  1  1  1  0  0  
0  0  0  0  0  0  0  0  0  1  1  1  0  0  0  0  0  0  0  0  0  0  0  1  1  1  0  0  0  0  0  0  0  0  0  0  0  0  0  0  0  0  0  0  0  0  0  0  
0  0  0  0  0  0  0  0  0  0  0  0  0  0  0  0  0  0  0  0  0  0  0  0  0  0  0  0  0  0  0  0  0  0  0  0  0  0  0  0  0  0  0  0  0  0  0  0  
leaving PrettyPrint()
