** Below is the mirror framed input image. **
Entering PrettyPrint()
Rows: 46
Columns: 46
Minimum Value: 1
Maximum Value: 63

0  0  0  0  0  0  0  0  0  0  0  0  0  0  0  0  0  0  0  0  0  0  0  0  0  0  0  0  0  0  0  0  0  0  0  0  0  0  0  0  0  0  0  0  0  0  0  0  
0  1  1  2  3  4  5  1  2  3  4  5  1  2  3  4  5  1  2  3  4  5  1  2  3  4  5  1  2  3  4  5  1  2  3  4  5  1  2  3  4  5  1  2  3  4  5  0  
0  2  1  2  3  4  55 1  2  3  4  5  1  2  3  4  5  1  2  3  4  5  1  2  3  4  5  1  2  43 4  5  1  2  3  4  5  1  2  3  4  5  1  2  3  4  5  0  
0  3  1  2  3  44 5  1  42 3  4  45 51 2  3  4  5  1  2  3  4  5  1  2  58 4  5  1  2  53 4  5  1  2  3  4  45 11 2  43 4  5  41 2  3  4  5  0  
0  4  1  2  3  4  5  1  2  3  4  5  51 2  3  4  5  1  2  3  4  5  1  2  58 4  5  1  2  63 4  5  1  2  3  4  5  1  2  3  4  5  1  2  3  4  5  0  
0  5  1  62 3  4  5  1  2  43 4  5  1  2  3  4  5  1  2  3  4  5  1  2  5  4  5  1  2  53 4  35 1  2  3  4  5  41 2  3  4  5  1  2  3  4  5  0  
0  6  1  2  3  4  5  1  2  3  4  5  1  2  3  4  5  1  2  3  4  5  1  2  41 4  5  1  2  3  4  5  1  2  3  4  5  51 2  3  4  55 51 2  3  4  5  0  
0  7  1  2  3  4  5  1  2  3  44 5  1  2  3  4  5  8  2  3  4  5  1  2  38 4  5  1  12 3  44 5  1  2  3  4  5  1  2  61 4  5  1  2  3  4  5  0  
0  8  1  2  3  4  5  1  2  53 4  5  1  2  3  4  5  1  2  3  4  5  1  42 53 44 5  1  2  3  4  4  1  2  3  4  55 1  2  3  4  5  1  2  3  4  5  0  
0  9  1  2  3  4  5  1  2  3  4  5  1  2  3  4  5  1  2  3  4  5  1  48 38 48 5  1  2  3  44 5  1  2  3  4  5  1  2  3  4  5  1  2  3  4  5  0  
0  10 11 2  43 4  5  1  2  3  4  5  1  2  3  4  5  1  2  3  4  5  48 4  48 48 48 1  2  43 4  5  1  2  3  4  5  1  2  3  4  5  1  2  3  4  5  0  
0  1  1  2  3  4  5  11 2  3  4  5  1  2  3  4  5  1  2  3  4  48 33 41 4  41 48 48 2  3  44 5  1  2  3  4  5  1  2  3  4  5  1  2  3  4  5  0  
0  2  1  2  3  4  4  1  2  3  4  5  1  2  3  4  5  1  2  3  48 48 48 4  8  48 48 48 48 3  4  5  19 2  3  4  5  1  2  3  14 5  1  2  3  4  5  0  
0  3  1  2  3  4  5  5  2  3  4  5  1  2  3  4  5  1  2  4  38 44 8  8  34 41 4  38 37 38 41 35 1  2  3  4  5  1  2  3  44 5  1  2  3  4  5  0  
0  4  41 32 33 34 37 38 39 31 30 32 34 35 34 35 38 40 48 60 63 60 48 41 38 35 34 32 31 30 28 25 28 24 22 20 18 8  6  13 4  5  1  2  3  14 5  0  
0  5  1  21 3  4  5  1  2  3  4  5  1  2  3  4  5  1  48 48 48 48 10 48 48 48 34 48 48 48 48 5  1  2  3  4  5  1  2  3  4  5  1  32 3  4  5  0  
0  6  1  2  3  4  5  1  2  3  4  5  1  2  3  4  5  48 48 48 48 48 48 48 48 48 48 48 48 4  48 48 1  2  3  4  5  1  2  3  4  55 1  2  3  4  5  0  
0  7  1  2  3  14 5  1  2  3  4  5  1  2  3  4  48 48 48 41 42 43 41 42 43 4  48 48 46 48 48 48 48 2  3  4  51 1  2  3  4  5  1  2  3  4  5  0  
0  8  1  2  3  4  5  1  2  3  4  5  1  2  3  48 41 48 44 48 8  45 48 4  48 48 48 48 48 48 48 4  4  48 3  4  5  1  2  3  4  5  1  2  3  4  5  0  
0  9  1  2  3  4  15 1  12 3  4  5  1  2  48 48 48 48 60 48 48 48 48 48 61 62 48 48 48 48 8  7  48 48 48 4  5  1  2  3  4  5  1  2  13 4  5  0  
0  10 1  2  3  4  5  1  2  3  4  5  1  48 48 48 5  48 48 48 3  48 48 48 48 48 6  48 48 47 48 8  48 48 48 48 5  1  12 3  4  5  1  2  3  4  5  0  
0  1  1  52 3  4  5  1  12 3  4  5  48 48 58 48 48 48 48 48 48 28 38 48 48 48 48 48 48 8  48 48 28 28 38 28 18 1  2  3  4  5  11 2  3  4  5  0  
0  2  1  2  3  4  5  1  2  3  4  48 48 58 48 48 48 40 48 47 48 48 48 41 48 42 48 52 48 4  38 5  48 48 48 38 38 28 18 3  4  5  1  2  3  14 5  0  
0  3  61 22 23 24 27 38 29 31 30 32 34 35 34 35 38 40 48 60 63 60 48 41 38 45 34 39 31 30 28 25 28 24 22 20 18 18 16 13 4  5  1  2  3  4  5  0  
0  4  1  2  3  4  5  1  2  48 48 48 48 48 48 4  48 48 48 48 58 58 58 38 38 58 48 58 58 28 24 44 48 48 48 38 38 43 28 18 4  5  1  2  3  4  5  0  
0  5  1  2  48 41 48 42 48 43 8  48 60 48 48 48 48 41 42 48 43 48 46 48 45 48 40 48 4  3  48 30 48 48 48 8  48 48 38 38 4  2  8  8  8  4  5  0  
0  6  1  2  3  4  5  1  2  48 48 48 48 48 48 8  48 48 63 48 63 4  48 48 48 4  48 48 48 8  4  48 48 48 48 48 18 48 48 48 4  5  1  2  3  4  5  0  
0  7  1  2  3  4  5  1  2  3  48 48 8  48 48 42 48 48 18 48 48 48 48 63 48 48 48 48 48 48 8  8  48 48 48 5  48 48 48 3  4  5  1  2  3  4  5  0  
0  8  1  2  3  4  5  13 2  3  4  48 48 62 48 55 48 48 48 4  37 8  48 48 48 54 48 58 48 48 4  42 8  48 48 48 48 48 2  3  4  5  11 2  3  4  5  0  
0  9  1  2  3  4  5  1  2  3  4  5  48 48 48 48 48 48 8  28 38 48 48 4  48 48 48 1  48 48 6  4  38 4  48 48 48 1  2  3  4  5  1  2  3  4  5  0  
0  10 1  2  3  4  5  1  2  3  4  5  1  48 48 48 48 3  48 48 48 48 48 48 18 48 48 48 48 48 48 48 8  4  48 48 5  1  2  3  4  5  1  12 3  4  5  0  
0  1  21 42 53 24 27 28 29 31 30 32 34 35 34 35 38 40 48 60 63 60 48 41 38 35 34 32 31 30 28 25 28 24 32 20 18 8  6  3  4  5  1  2  3  14 5  0  
0  2  1  2  3  4  5  1  2  3  4  5  1  2  48 48 48 48 48 18 48 48 48 48 48 48 48 48 48 8  48 48 8  4  48 4  5  1  2  3  14 15 1  2  3  4  5  0  
0  3  11 2  3  4  5  1  2  3  4  5  1  2  3  48 48 48 48 48 48 48 48 48 48 48 48 48 48 48 48 48 8  4  3  4  5  1  2  3  4  5  1  2  3  4  5  0  
0  4  1  2  3  4  15 1  2  3  4  5  1  2  3  4  48 48 41 42 43 48 40 48 42 48 43 48 44 48 28 48 48 2  3  4  5  1  2  3  4  55 1  2  3  4  5  0  
0  5  1  2  3  42 55 1  42 3  4  5  1  2  3  4  5  34 44 41 34 24 34 34 41 34 34 42 34 34 24 4  1  2  3  4  5  1  2  3  4  5  1  2  3  4  5  0  
0  6  1  2  3  4  5  1  2  3  4  5  1  2  3  4  5  1  48 48 58 4  1  28 41 1  48 2  4  8  48 5  1  2  3  4  5  1  2  3  4  5  1  2  3  4  5  0  
0  7  1  2  3  4  5  1  2  3  4  5  13 2  3  4  5  1  2  48 48 8  48 34 35 41 48 48 8  48 4  5  1  2  3  4  5  1  2  3  4  5  1  2  3  4  5  0  
0  8  1  2  3  4  51 1  2  3  4  5  1  2  3  4  5  1  2  3  48 38 48 38 8  1  48 38 48 3  4  5  1  2  3  4  5  1  2  3  4  5  1  2  3  4  5  0  
0  9  1  2  3  4  5  1  12 3  4  5  1  2  3  4  5  1  2  3  4  48 48 48 48 48 48 48 2  3  4  5  1  2  3  4  5  1  2  3  4  5  1  2  3  4  5  0  
0  10 1  2  3  4  5  1  2  3  4  5  1  2  3  4  5  1  2  3  4  5  48 48 18 48 48 1  2  3  4  5  1  2  3  4  5  1  2  3  4  5  1  2  3  4  5  0  
0  1  1  2  3  44 5  1  2  3  4  5  1  12 3  4  5  1  2  3  4  5  1  48 48 48 5  1  2  3  4  5  1  2  3  4  55 1  2  3  4  55 1  2  3  4  5  0  
0  2  1  2  3  48 5  1  2  3  4  55 51 12 3  4  5  1  2  3  4  5  1  42 48 4  5  1  2  3  4  5  1  2  3  4  5  1  2  3  4  5  1  2  3  4  5  0  
0  3  1  2  3  4  45 51 2  3  4  5  1  2  3  4  5  1  2  3  4  5  1  2  48 4  5  1  2  3  4  5  1  2  3  63 5  1  2  3  4  5  1  2  3  4  5  0  
0  4  1  2  3  4  5  1  2  3  4  5  1  2  3  14 5  1  2  3  4  5  1  2  48 4  5  1  2  3  4  5  1  2  59 5  5  1  2  43 4  5  1  2  33 4  5  0  
0  5  1  2  3  4  5  11 2  3  44 5  1  2  3  4  5  1  2  3  4  5  1  2  48 4  5  1  2  3  4  5  1  2  3  4  5  1  2  3  4  5  1  2  3  4  5  0  
0  6  1  2  3  4  5  1  2  3  4  5  1  2  3  4  5  1  2  3  4  5  1  2  3  4  5  1  2  3  4  5  1  2  3  4  5  1  2  3  4  5  1  2  3  4  5  0  
0  0  0  0  0  0  0  0  0  0  0  0  0  0  0  0  0  0  0  0  0  0  0  0  0  0  0  0  0  0  0  0  0  0  0  0  0  0  0  0  0  0  0  0  0  0  0  0  
leaving PrettyPrint()
** Below is the mask for the Gaussian filter **
Entering PrettyPrint2DMask()
Rows: 3
Columns: 3
Minimum Value: 1
Maximum Value: 4

1 2 1 
2 4 2 
1 2 1 
leaving PrettyPrint2DMask()
** Below is the 3x3 Gaussian filter of the input image. **
Entering PrettyPrint()
Rows: 46
Columns: 46
Minimum Value: 1
Maximum Value: 63

0  0  0  0  0  0  0  0  0  0  0  0  0  0  0  0  0  0  0  0  0  0  0  0  0  0  0  0  0  0  0  0  0  0  0  0  0  0  0  0  0  0  0  0  0  0  0  0  
0  0  0  0  0  0  0  0  0  0  0  0  0  0  0  0  0  0  0  0  0  0  0  0  0  0  0  0  0  0  0  0  0  0  0  0  0  0  0  0  0  0  0  0  0  0  0  0  
0  0  0  0  1  1  4  7  0  1  1  1  1  0  1  1  1  1  0  1  1  1  1  0  1  1  1  1  0  3  6  1  1  0  1  1  1  1  0  1  1  1  1  0  1  1  1  0  
0  0  0  0  1  7  13 4  3  6  1  4  9  7  1  1  1  1  0  1  1  1  1  0  4  8  1  1  3  9  10 1  1  0  1  1  4  6  2  3  6  1  3  5  1  1  1  0  
0  0  1  0  3  6  4  3  5  3  4  9  13 10 1  1  1  1  0  1  1  1  1  4  11 11 1  1  3  11 12 1  1  0  1  4  7  5  3  6  4  4  6  3  1  1  1  0  
0  0  1  4  8  1  1  1  0  3  6  4  7  3  1  1  1  1  0  1  1  1  1  4  8  5  1  1  4  11 11 3  5  0  1  1  1  3  5  1  1  1  1  0  1  1  1  0  
0  1  5  8  4  1  1  1  3  6  4  1  1  0  1  1  1  1  0  1  1  1  1  0  3  6  1  1  3  7  6  5  3  0  1  1  4  9  9  1  1  4  10 7  1  1  1  0  
0  1  1  0  1  1  1  1  0  1  4  6  1  0  1  1  1  1  1  1  1  1  1  3  8  8  1  1  1  2  4  6  1  0  1  1  4  7  3  4  12 11 10 3  1  1  1  0  
0  1  1  0  1  1  1  1  0  6  12 4  1  0  1  1  2  2  1  1  1  1  1  5  13 12 6  1  2  4  6  4  1  0  1  1  4  7  4  8  5  1  1  0  1  1  1  0  
0  1  1  0  1  1  1  1  3  7  4  1  1  0  1  1  1  1  0  1  1  1  3  11 20 16 9  1  0  1  4  6  1  0  1  4  8  4  0  1  1  1  1  0  1  1  1  0  
0  1  2  2  3  6  1  1  0  1  1  1  1  0  1  1  1  1  0  1  1  1  7  14 14 17 12 6  0  6  11 4  1  0  1  1  1  1  0  1  1  1  1  0  1  1  1  0  
0  2  2  3  6  4  1  1  2  1  1  1  1  0  1  1  1  1  0  1  1  7  14 13 14 15 17 12 9  6  6  6  1  0  1  1  1  1  0  1  1  1  1  0  1  1  1  0  
0  0  0  0  1  1  2  2  1  1  1  1  1  0  1  1  1  1  0  1  7  17 18 13 6  12 20 18 12 9  6  4  2  3  1  1  1  1  0  1  2  3  1  0  1  1  1  0  
0  0  0  0  1  1  1  1  1  1  1  1  1  0  1  1  1  1  0  4  12 19 15 5  7  16 17 14 16 10 8  9  7  1  1  1  1  1  0  1  5  7  1  0  1  1  1  0  
0  0  3  7  6  7  7  8  7  7  6  6  6  6  7  7  7  7  8  12 19 20 14 12 14 14 11 13 15 15 15 12 7  5  5  5  4  3  1  4  7  4  1  0  1  2  2  0  
0  3  8  10 11 9  9  10 9  8  8  8  9  8  9  9  10 11 15 23 24 23 18 14 18 17 16 15 16 16 15 12 7  6  5  5  4  3  2  2  2  1  1  2  5  2  2  0  
0  1  2  3  2  1  1  1  0  1  1  1  1  0  1  1  1  7  18 21 21 18 16 18 21 20 19 20 21 18 12 12 6  0  1  1  1  1  0  1  1  4  9  4  3  1  1  0  
0  1  1  0  1  2  3  1  0  1  1  1  1  0  1  1  7  18 21 20 19 19 19 19 19 17 15 21 18 15 18 18 12 6  1  1  4  7  0  1  4  8  4  0  1  1  1  0  
0  1  1  0  1  2  2  1  0  1  1  1  1  0  1  7  17 20 20 19 17 14 19 16 11 15 18 20 20 20 21 18 9  6  6  4  7  4  0  1  1  1  1  0  1  1  1  0  
0  1  1  0  1  1  2  2  1  2  1  1  1  0  6  17 20 20 21 19 15 18 18 15 19 23 22 21 21 21 15 5  7  15 12 7  1  1  0  1  1  1  1  0  1  2  1  0  
0  1  2  0  1  2  3  2  2  1  1  1  1  6  18 21 18 16 22 21 18 15 21 21 23 23 19 15 21 18 13 10 13 21 18 12 7  1  1  2  1  1  1  1  2  2  1  0  
0  1  1  3  7  1  1  1  1  2  1  1  7  18 21 19 15 18 21 18 15 16 17 19 21 18 15 18 20 18 13 16 17 17 17 15 8  3  2  1  1  1  1  2  1  1  1  0  
0  0  3  7  4  1  1  1  2  1  1  7  18 22 23 21 21 20 20 20 19 17 18 19 20 20 20 21 19 13 12 15 11 16 17 15 11 7  5  3  1  2  2  1  1  2  2  0  
0  0  4  9  4  5  5  6  7  6  9  15 18 19 19 18 18 18 19 21 23 23 22 19 18 18 19 19 16 11 10 11 14 17 15 14 12 10 7  4  2  1  1  0  1  2  2  0  
0  4  9  8  6  6  8  8  8  10 16 17 17 17 17 15 12 19 21 23 25 25 23 20 17 18 19 18 19 16 11 12 15 15 14 13 11 11 11 7  4  1  1  0  1  1  1  0  
0  0  1  0  4  9  9  9  11 17 17 16 21 22 18 15 18 20 19 20 22 22 22 19 19 21 21 21 18 9  10 17 18 21 20 16 13 18 15 11 6  1  1  2  2  2  1  0  
0  1  1  3  9  11 12 11 11 12 15 19 22 21 21 18 15 19 20 22 21 19 15 20 20 17 14 17 12 10 9  13 19 21 18 16 16 16 19 16 9  1  2  2  2  1  1  0  
0  1  1  0  1  1  1  1  3  9  15 21 18 16 18 15 17 21 21 19 20 16 18 21 20 15 18 21 18 13 10 10 16 21 21 16 11 19 21 15 4  1  1  0  1  1  1  0  
0  1  1  0  1  1  1  2  2  3  9  13 16 19 22 20 21 19 17 16 14 17 16 22 21 21 21 21 22 18 10 7  15 16 18 15 18 21 15 4  1  1  1  2  1  1  1  0  
0  1  1  0  1  1  2  2  1  1  4  10 16 22 22 21 21 21 15 8  11 14 18 18 15 21 22 19 15 18 12 7  9  14 15 21 21 15 3  1  1  2  2  1  1  1  1  0  
0  1  2  0  1  1  1  1  0  1  1  4  10 15 21 21 21 15 9  15 18 20 18 15 16 17 18 15 18 18 13 12 11 7  12 21 15 3  0  1  1  1  1  1  2  1  1  0  
0  1  2  5  9  9  5  5  5  6  6  6  9  15 18 18 15 13 17 21 23 23 22 18 15 17 18 18 17 17 17 14 9  9  14 14 7  3  1  1  1  1  1  2  1  2  2  0  
0  1  5  10 11 8  7  7  7  8  8  8  9  8  11 17 18 19 21 21 20 23 21 19 18 17 17 17 16 13 10 15 13 8  10 11 4  3  1  1  2  3  2  0  1  2  2  0  
0  0  1  2  1  1  1  1  0  1  1  1  1  3  9  15 21 21 19 17 19 21 21 21 21 21 21 21 18 16 18 18 10 5  7  4  1  1  0  1  3  3  1  0  1  1  1  0  
0  1  2  1  1  1  2  2  0  1  1  1  1  0  3  9  15 21 20 19 19 20 20 20 20 20 20 20 20 20 19 16 13 7  1  1  1  1  0  1  1  4  7  0  1  1  1  0  
0  0  1  0  1  4  10 8  3  6  1  1  1  0  1  4  10 14 17 18 18 16 16 17 18 18 17 18 18 16 15 14 9  3  1  1  1  1  0  1  4  8  4  0  1  1  1  0  
0  1  1  0  3  9  10 6  5  3  1  1  1  0  1  1  3  8  13 19 17 14 8  10 15 14 12 15 9  8  9  8  1  0  1  1  1  1  0  1  1  1  1  0  1  1  1  0  
0  1  1  0  1  1  1  1  0  1  1  1  2  2  1  1  1  4  9  15 19 10 6  14 13 12 14 12 7  8  13 4  1  0  1  1  1  1  0  1  1  1  1  0  1  1  1  0  
0  1  1  0  1  1  4  7  0  1  1  2  2  1  1  1  1  1  3  9  12 15 16 17 14 11 14 17 14 12 4  1  1  0  1  1  1  1  0  1  1  1  1  0  1  1  1  0  
0  1  1  0  1  4  7  4  1  2  1  1  1  0  1  1  1  1  0  3  9  14 19 17 12 12 17 19 14 4  1  1  1  0  1  1  1  1  0  1  1  1  1  0  1  1  1  0  
0  1  2  0  1  1  1  1  2  1  1  1  1  0  1  1  1  1  0  1  4  10 15 21 19 17 21 15 3  1  1  1  1  0  1  1  1  1  0  1  1  1  1  0  1  1  1  0  
0  1  1  0  1  4  6  1  0  1  1  1  1  1  2  1  1  1  0  1  1  4  10 13 17 19 15 3  0  1  1  1  1  0  1  1  4  7  0  1  1  4  7  0  1  1  1  0  
0  0  0  0  3  9  9  1  0  1  1  4  11 8  3  1  1  1  0  1  1  1  4  11 20 15 4  1  0  1  1  1  1  0  1  4  8  4  0  1  4  8  4  0  1  1  1  0  
0  0  0  0  3  7  7  9  7  1  4  11 11 5  1  1  1  1  0  1  1  1  3  8  12 10 1  1  0  1  1  1  1  0  1  5  9  1  0  1  1  1  1  0  1  1  1  0  
0  0  1  0  1  4  9  10 3  1  1  1  1  0  1  2  3  1  0  1  1  1  1  3  9  10 1  1  0  1  1  1  1  0  8  16 5  1  0  3  6  1  1  0  3  5  1  0  
0  0  1  0  1  1  1  1  2  1  4  6  1  0  1  2  2  1  0  1  1  1  1  3  9  10 1  1  0  1  1  1  1  4  8  5  1  1  3  6  4  1  1  2  4  3  1  0  
0  1  1  0  1  1  2  2  1  3  6  4  1  0  1  1  1  1  0  1  1  1  1  3  6  4  1  1  0  1  1  1  1  0  1  1  1  1  0  1  1  1  1  0  1  1  1  0  
0  0  0  0  0  0  0  0  0  0  0  0  0  0  0  0  0  0  0  0  0  0  0  0  0  0  0  0  0  0  0  0  0  0  0  0  0  0  0  0  0  0  0  0  0  0  0  0  
leaving PrettyPrint()
** Below is the result of the binary threshold of Gaussian filtered image. **
Entering PrettyPrint()
Rows: 46
Columns: 46
Minimum Value: 1
Maximum Value: 63

0  0  0  0  0  0  0  0  0  0  0  0  0  0  0  0  0  0  0  0  0  0  0  0  0  0  0  0  0  0  0  0  0  0  0  0  0  0  0  0  0  0  0  0  0  0  0  0  
0  0  0  0  0  0  0  0  0  0  0  0  0  0  0  0  0  0  0  0  0  0  0  0  0  0  0  0  0  0  0  0  0  0  0  0  0  0  0  0  0  0  0  0  0  0  0  0  
0  0  0  0  0  0  1  1  0  0  0  0  0  0  0  0  0  0  0  0  0  0  0  0  0  0  0  0  0  0  1  0  0  0  0  0  0  0  0  0  0  0  0  0  0  0  0  0  
0  0  0  0  0  1  1  1  0  1  0  1  1  1  0  0  0  0  0  0  0  0  0  0  1  1  0  0  0  1  1  0  0  0  0  0  1  1  0  0  1  0  0  1  0  0  0  0  
0  0  0  0  0  1  1  0  1  0  1  1  1  1  0  0  0  0  0  0  0  0  0  1  1  1  0  0  0  1  1  0  0  0  0  1  1  1  0  1  1  1  1  0  0  0  0  0  
0  0  0  1  1  0  0  0  0  0  1  1  1  0  0  0  0  0  0  0  0  0  0  1  1  1  0  0  1  1  1  0  1  0  0  0  0  0  1  0  0  0  0  0  0  0  0  0  
0  0  1  1  1  0  0  0  0  1  1  0  0  0  0  0  0  0  0  0  0  0  0  0  0  1  0  0  0  1  1  1  0  0  0  0  1  1  1  0  0  1  1  1  0  0  0  0  
0  0  0  0  0  0  0  0  0  0  1  1  0  0  0  0  0  0  0  0  0  0  0  0  1  1  0  0  0  0  1  1  0  0  0  0  1  1  0  1  1  1  1  0  0  0  0  0  
0  0  0  0  0  0  0  0  0  1  1  1  0  0  0  0  0  0  0  0  0  0  0  1  1  1  1  0  0  1  1  1  0  0  0  0  1  1  1  1  1  0  0  0  0  0  0  0  
0  0  0  0  0  0  0  0  0  1  1  0  0  0  0  0  0  0  0  0  0  0  0  1  1  1  1  0  0  0  1  1  0  0  0  1  1  1  0  0  0  0  0  0  0  0  0  0  
0  0  0  0  0  1  0  0  0  0  0  0  0  0  0  0  0  0  0  0  0  0  1  1  1  1  1  1  0  1  1  1  0  0  0  0  0  0  0  0  0  0  0  0  0  0  0  0  
0  0  0  0  1  1  0  0  0  0  0  0  0  0  0  0  0  0  0  0  0  1  1  1  1  1  1  1  1  1  1  1  0  0  0  0  0  0  0  0  0  0  0  0  0  0  0  0  
0  0  0  0  0  0  0  0  0  0  0  0  0  0  0  0  0  0  0  0  1  1  1  1  1  1  1  1  1  1  1  1  0  0  0  0  0  0  0  0  0  0  0  0  0  0  0  0  
0  0  0  0  0  0  0  0  0  0  0  0  0  0  0  0  0  0  0  1  1  1  1  1  1  1  1  1  1  1  1  1  1  0  0  0  0  0  0  0  1  1  0  0  0  0  0  0  
0  0  0  1  1  1  1  1  1  1  1  1  1  1  1  1  1  1  1  1  1  1  1  1  1  1  1  1  1  1  1  1  1  1  1  1  1  0  0  1  1  1  0  0  0  0  0  0  
0  0  1  1  1  1  1  1  1  1  1  1  1  1  1  1  1  1  1  1  1  1  1  1  1  1  1  1  1  1  1  1  1  1  1  1  1  0  0  0  0  0  0  0  1  0  0  0  
0  0  0  0  0  0  0  0  0  0  0  0  0  0  0  0  0  1  1  1  1  1  1  1  1  1  1  1  1  1  1  1  1  0  0  0  0  0  0  0  0  1  1  1  0  0  0  0  
0  0  0  0  0  0  0  0  0  0  0  0  0  0  0  0  1  1  1  1  1  1  1  1  1  1  1  1  1  1  1  1  1  1  0  0  1  1  0  0  1  1  1  0  0  0  0  0  
0  0  0  0  0  0  0  0  0  0  0  0  0  0  0  1  1  1  1  1  1  1  1  1  1  1  1  1  1  1  1  1  1  1  1  1  1  1  0  0  0  0  0  0  0  0  0  0  
0  0  0  0  0  0  0  0  0  0  0  0  0  0  1  1  1  1  1  1  1  1  1  1  1  1  1  1  1  1  1  1  1  1  1  1  0  0  0  0  0  0  0  0  0  0  0  0  
0  0  0  0  0  0  0  0  0  0  0  0  0  1  1  1  1  1  1  1  1  1  1  1  1  1  1  1  1  1  1  1  1  1  1  1  1  0  0  0  0  0  0  0  0  0  0  0  
0  0  0  0  1  0  0  0  0  0  0  0  1  1  1  1  1  1  1  1  1  1  1  1  1  1  1  1  1  1  1  1  1  1  1  1  1  0  0  0  0  0  0  0  0  0  0  0  
0  0  0  1  1  0  0  0  0  0  0  1  1  1  1  1  1  1  1  1  1  1  1  1  1  1  1  1  1  1  1  1  1  1  1  1  1  1  1  0  0  0  0  0  0  0  0  0  
0  0  1  1  1  1  1  1  1  1  1  1  1  1  1  1  1  1  1  1  1  1  1  1  1  1  1  1  1  1  1  1  1  1  1  1  1  1  1  1  0  0  0  0  0  0  0  0  
0  1  1  1  1  1  1  1  1  1  1  1  1  1  1  1  1  1  1  1  1  1  1  1  1  1  1  1  1  1  1  1  1  1  1  1  1  1  1  1  1  0  0  0  0  0  0  0  
0  0  0  0  1  1  1  1  1  1  1  1  1  1  1  1  1  1  1  1  1  1  1  1  1  1  1  1  1  1  1  1  1  1  1  1  1  1  1  1  1  0  0  0  0  0  0  0  
0  0  0  0  1  1  1  1  1  1  1  1  1  1  1  1  1  1  1  1  1  1  1  1  1  1  1  1  1  1  1  1  1  1  1  1  1  1  1  1  1  0  0  0  0  0  0  0  
0  0  0  0  0  0  0  0  0  1  1  1  1  1  1  1  1  1  1  1  1  1  1  1  1  1  1  1  1  1  1  1  1  1  1  1  1  1  1  1  1  0  0  0  0  0  0  0  
0  0  0  0  0  0  0  0  0  0  1  1  1  1  1  1  1  1  1  1  1  1  1  1  1  1  1  1  1  1  1  1  1  1  1  1  1  1  1  1  0  0  0  0  0  0  0  0  
0  0  0  0  0  0  0  0  0  0  1  1  1  1  1  1  1  1  1  1  1  1  1  1  1  1  1  1  1  1  1  1  1  1  1  1  1  1  0  0  0  0  0  0  0  0  0  0  
0  0  0  0  0  0  0  0  0  0  0  1  1  1  1  1  1  1  1  1  1  1  1  1  1  1  1  1  1  1  1  1  1  1  1  1  1  0  0  0  0  0  0  0  0  0  0  0  
0  0  0  1  1  1  1  1  1  1  1  1  1  1  1  1  1  1  1  1  1  1  1  1  1  1  1  1  1  1  1  1  1  1  1  1  1  0  0  0  0  0  0  0  0  0  0  0  
0  0  1  1  1  1  1  1  1  1  1  1  1  1  1  1  1  1  1  1  1  1  1  1  1  1  1  1  1  1  1  1  1  1  1  1  1  0  0  0  0  0  0  0  0  0  0  0  
0  0  0  0  0  0  0  0  0  0  0  0  0  0  1  1  1  1  1  1  1  1  1  1  1  1  1  1  1  1  1  1  1  1  1  1  0  0  0  0  0  0  0  0  0  0  0  0  
0  0  0  0  0  0  0  0  0  0  0  0  0  0  0  1  1  1  1  1  1  1  1  1  1  1  1  1  1  1  1  1  1  1  0  0  0  0  0  0  0  1  1  0  0  0  0  0  
0  0  0  0  0  1  1  1  0  1  0  0  0  0  0  1  1  1  1  1  1  1  1  1  1  1  1  1  1  1  1  1  1  0  0  0  0  0  0  0  1  1  1  0  0  0  0  0  
0  0  0  0  0  1  1  1  1  0  0  0  0  0  0  0  0  1  1  1  1  1  1  1  1  1  1  1  1  1  1  1  0  0  0  0  0  0  0  0  0  0  0  0  0  0  0  0  
0  0  0  0  0  0  0  0  0  0  0  0  0  0  0  0  0  1  1  1  1  1  1  1  1  1  1  1  1  1  1  1  0  0  0  0  0  0  0  0  0  0  0  0  0  0  0  0  
0  0  0  0  0  0  1  1  0  0  0  0  0  0  0  0  0  0  0  1  1  1  1  1  1  1  1  1  1  1  1  0  0  0  0  0  0  0  0  0  0  0  0  0  0  0  0  0  
0  0  0  0  0  1  1  1  0  0  0  0  0  0  0  0  0  0  0  0  1  1  1  1  1  1  1  1  1  1  0  0  0  0  0  0  0  0  0  0  0  0  0  0  0  0  0  0  
0  0  0  0  0  0  0  0  0  0  0  0  0  0  0  0  0  0  0  0  1  1  1  1  1  1  1  1  0  0  0  0  0  0  0  0  0  0  0  0  0  0  0  0  0  0  0  0  
0  0  0  0  0  1  1  0  0  0  0  0  0  0  0  0  0  0  0  0  0  1  1  1  1  1  1  0  0  0  0  0  0  0  0  0  1  1  0  0  0  1  1  0  0  0  0  0  
0  0  0  0  0  1  1  0  0  0  0  1  1  1  0  0  0  0  0  0  0  0  1  1  1  1  1  0  0  0  0  0  0  0  0  1  1  1  0  0  1  1  1  0  0  0  0  0  
0  0  0  0  0  1  1  1  1  0  1  1  1  1  0  0  0  0  0  0  0  0  0  1  1  1  0  0  0  0  0  0  0  0  0  1  1  0  0  0  0  0  0  0  0  0  0  0  
0  0  0  0  0  1  1  1  0  0  0  0  0  0  0  0  0  0  0  0  0  0  0  0  1  1  0  0  0  0  0  0  0  0  1  1  1  0  0  0  1  0  0  0  0  1  0  0  
0  0  0  0  0  0  0  0  0  0  1  1  0  0  0  0  0  0  0  0  0  0  0  0  1  1  0  0  0  0  0  0  0  1  1  1  0  0  0  1  1  0  0  0  1  0  0  0  
0  0  0  0  0  0  0  0  0  0  1  1  0  0  0  0  0  0  0  0  0  0  0  0  1  1  0  0  0  0  0  0  0  0  0  0  0  0  0  0  0  0  0  0  0  0  0  0  
0  0  0  0  0  0  0  0  0  0  0  0  0  0  0  0  0  0  0  0  0  0  0  0  0  0  0  0  0  0  0  0  0  0  0  0  0  0  0  0  0  0  0  0  0  0  0  0  
leaving PrettyPrint()
