24 31 0 0
0 0 0 0 0 0 0 0 0 0 0 0 0 0 0 0 0 0 0 0 0 0 0 0 0 0 0 0 0 0 0 0 0 
0 0 0 0 0 0 0 0 0 0 0 0 0 0 0 0 0 0 0 0 0 0 0 0 0 0 0 0 0 0 0 0 0 
0 0 0 0 0 0 0 0 0 0 0 0 0 0 0 0 1 0 0 0 0 0 2 0 0 0 0 0 0 0 0 0 0 
0 0 0 0 0 0 0 0 3 0 4 0 0 0 0 5 1 1 0 0 0 0 2 0 0 0 6 0 6 0 0 0 0 
0 0 8 8 0 0 0 0 0 4 4 4 0 0 5 5 1 1 1 0 0 0 0 0 0 0 6 6 6 0 0 0 0 
0 0 8 8 0 0 0 0 11 0 4 4 0 0 0 5 1 1 1 1 0 0 0 0 0 0 0 0 0 0 0 0 0 
0 0 0 0 0 0 0 0 11 11 4 0 0 0 1 1 1 1 1 1 1 0 0 0 13 13 13 0 0 0 0 0 0 
0 0 0 0 0 0 11 11 11 11 0 15 15 15 0 0 0 0 0 0 1 1 0 0 0 0 0 0 16 16 0 0 0 
0 0 0 0 0 11 0 0 11 0 15 15 15 15 15 15 15 15 15 15 1 1 1 0 0 0 0 19 16 0 0 0 0 
0 0 0 0 0 11 11 11 11 11 0 0 0 0 0 0 15 15 15 15 1 1 1 0 0 0 0 19 0 0 0 0 0 
0 0 0 0 0 0 0 0 11 0 15 15 15 15 15 15 15 1 1 1 1 1 1 0 0 0 0 0 0 0 0 0 0 
0 0 0 21 0 22 0 23 11 0 0 0 0 0 0 0 15 0 0 0 0 0 0 0 0 0 0 0 0 0 0 0 0 
0 0 0 0 22 22 0 23 0 0 25 0 0 0 0 0 15 15 15 15 15 15 15 15 0 0 0 0 0 0 0 0 0 
0 0 0 26 0 22 0 23 0 25 25 25 25 25 25 25 15 15 15 15 15 15 15 0 0 0 0 0 0 0 0 0 0 
0 0 0 26 0 22 0 0 0 0 25 25 25 25 25 25 15 15 15 15 15 15 15 0 0 0 28 28 0 0 29 0 0 
0 0 0 26 0 0 0 0 0 0 0 25 25 25 15 15 15 15 15 15 15 15 0 30 0 0 0 28 0 31 29 0 0 
0 0 0 0 32 32 0 0 0 0 25 25 0 25 0 0 0 0 0 15 0 0 0 0 0 0 0 0 34 31 29 0 0 
0 0 35 0 0 32 0 0 36 36 0 0 0 0 37 37 37 37 37 0 0 0 0 0 0 0 0 0 34 31 29 0 0 
0 0 0 38 0 32 0 32 0 0 0 0 0 0 0 37 37 37 0 0 40 0 0 0 0 0 41 41 34 31 29 0 0 
0 0 0 38 38 32 32 32 32 0 0 0 0 42 0 0 37 0 40 40 40 40 0 0 0 0 41 41 34 31 29 0 0 
0 0 0 32 32 32 32 32 32 0 0 0 44 42 42 0 0 0 0 0 0 0 45 0 0 0 41 41 34 31 0 0 0 
0 0 0 0 0 32 32 32 32 0 0 0 42 42 42 0 46 0 0 0 47 47 0 0 0 48 41 34 34 0 0 0 0 
0 0 0 0 49 0 0 0 0 0 0 0 0 0 42 0 46 0 0 0 47 47 0 0 48 48 41 0 0 0 41 0 0 
0 0 0 52 0 0 0 0 0 0 0 0 0 0 0 53 46 46 0 0 0 47 0 0 0 41 41 41 41 41 41 0 0 
0 0 0 0 0 0 0 0 0 0 0 0 0 0 0 46 46 46 0 47 47 47 47 47 47 47 0 0 0 0 0 0 0 
0 0 0 0 0 0 0 0 0 0 0 0 0 0 0 0 0 0 0 0 0 0 0 0 0 0 0 0 0 0 0 0 0 
