49 64 0 1
4 31 1
6 31 2
8 31 3
10 31 4
12 31 5
13 22 1
13 24 2
13 26 3
13 28 4
13 30 5
13 31 5
13 32 5
13 34 4
13 36 3
13 38 2
13 40 1
14 31 5
14 46 1
14 62 1
15 46 1
15 47 1
15 61 1
15 62 1
16 31 4
17 47 2
17 61 2
18 31 3
18 47 2
18 48 2
18 60 2
18 61 2
20 31 2
20 48 3
20 60 3
21 9 6
21 10 6
21 11 6
21 12 6
21 13 6
21 14 6
21 15 6
21 48 3
21 49 3
21 59 3
21 60 3
22 31 1
23 31 1
23 49 4
23 51 3
23 53 2
23 54 2
23 55 2
23 57 3
23 59 4
25 31 2
25 48 3
25 49 3
25 59 3
25 60 3
26 48 3
26 60 3
27 31 3
28 47 2
28 48 2
28 60 2
28 61 2
29 31 4
29 47 2
29 61 2
31 31 5
31 46 1
31 47 1
31 61 1
31 62 1
32 22 1
32 24 2
32 26 3
32 28 4
32 30 5
32 31 5
32 32 5
32 34 4
32 36 3
32 38 2
32 40 1
32 46 1
32 62 1
33 31 5
35 31 4
37 31 3
39 31 2
41 31 1
